27
1 2 305
2 3 305
3 8 991
3 4 408
4 5 429
4 7 586
4 8 1014
5 6 521
5 7 434
6 7 524
7 10 906
7 11 716
7 8 1358
7 12 1372
8 9 694
8 10 935
9 10 934
9 22 1451
9 24 2145
9 26 2008
9 21 1270
10 12 1425
10 21 874
10 11 209
12 6 1202
12 13 356
12 14 631
12 15 839
12 19 994
12 21 1323
13 14 294
14 15 256
15 19 994
15 18 629
15 16 120
16 17 185
16 18 702
17 18 553
18 19 634
19 20 946
19 21 1163
20 21 1599
20 26 806
21 26 1323
22 24 759
22 23 511
23 24 1145
24 25 785
24 26 529
25 26 1318
26 0 329
2 1 305
3 2 305
8 3 991
4 3 408
5 4 429
7 4 586
8 4 1014
6 5 521
7 5 434
7 6 524
10 7 906
11 7 716
8 7 1358
12 7 1372
9 8 694
10 8 935
10 9 934
22 9 1451
24 9 2145
26 9 2008
21 9 1270
12 10 1425
21 10 874
11 10 209
6 12 1202
13 12 356
14 12 631
15 12 839
19 12 994
21 12 1323
14 13 294
15 14 256
19 15 994
18 15 629
16 15 120
17 16 185
18 16 702
18 17 553
19 18 634
20 19 946
21 19 1163
21 20 1599
26 20 806
26 21 1323
24 22 759
23 22 511
24 23 1145
25 24 785
26 24 529
26 25 1318
0 26 329